../../_exports/20190505-11-Nötkärrinkallio-N/5CCF6AF4.WAV

00000             0.05 / 0.95
00001 1           0.16 / 0.84
00002             0.06 / 0.94
00003             0.07 / 0.93
00004 1           0.12 / 0.88
00005             0.04 / 0.96
00006             0.06 / 0.94
00007 1           0.1 / 0.9
00008             0.07 / 0.93
00009 1           0.12 / 0.88
00010 1           0.1 / 0.9
00011             0.08 / 0.92
00012             0.07 / 0.93
00013             0.06 / 0.94
00014             0.05 / 0.95
00015             0.06 / 0.94
00016             0.09 / 0.91
00017             0.06 / 0.94
00018             0.1 / 0.9
00019 1           0.13 / 0.87
00020             0.06 / 0.94
00021             0.06 / 0.94
00022             0.06 / 0.94
00023             0.06 / 0.94
00024             0.08 / 0.92
00025             0.05 / 0.95
00026             0.07 / 0.93
00027             0.07 / 0.93
00028             0.08 / 0.92
00029 123         0.37 / 0.63
00030             0.06 / 0.94
00031             0.06 / 0.94
00032             0.05 / 0.95
00033             0.07 / 0.93
00034             0.07 / 0.93
00035             0.05 / 0.95
00036             0.05 / 0.95
00037             0.05 / 0.95
00038             0.04 / 0.96
00039             0.06 / 0.94
00040             0.06 / 0.94
00041 1           0.11 / 0.89                                                                                                                                                                
00042             0.08 / 0.92                                                                                                                                                                
00043             0.08 / 0.92                                                                                                                                                                
00044             0.07 / 0.93                                                                                                                                                                
00045 1           0.16 / 0.84                                                                                                                                                                
00046 1           0.11 / 0.89                                                                                                                                                                
00047             0.03 / 0.97                                                                                                                                                                
00048             0.08 / 0.92                                                                                                                                                                
00049             0.06 / 0.94
00050             0.08 / 0.92
00051             0.06 / 0.94
00052             0.1 / 0.9
00053             0.08 / 0.92
00054             0.06 / 0.94
00055             0.08 / 0.92
00056             0.06 / 0.94
00057             0.08 / 0.92
00058             0.06 / 0.94
00059             0.06 / 0.94
00060             0.06 / 0.94
00061             0.05 / 0.95
00062             0.06 / 0.94
00063             0.04 / 0.96
00064             0.06 / 0.94
00065             0.04 / 0.96
00066             0.06 / 0.94
00067 12          0.25 / 0.75
00068             0.06 / 0.94
00069             0.05 / 0.95
00070             0.06 / 0.94
00071             0.07 / 0.93
00072             0.08 / 0.92
00073             0.09 / 0.91
00074             0.07 / 0.93
00075             0.07 / 0.93
00076             0.06 / 0.94
00077             0.05 / 0.95
00078             0.06 / 0.94
00079             0.08 / 0.92
00080             0.05 / 0.95
00081             0.1 / 0.9
00082 123456789   0.96 / 0.04
00083 123456789   0.96 / 0.04
00084 123456789   0.95 / 0.05
00085 12345678    0.9 / 0.1
00086             0.06 / 0.94
00087             0.08 / 0.92
00088             0.06 / 0.94
00089 1           0.11 / 0.89
00090             0.06 / 0.94
00091             0.05 / 0.95
00092             0.06 / 0.94
00093             0.06 / 0.94
00094             0.06 / 0.94
00095             0.08 / 0.92
00096             0.06 / 0.94
00097             0.06 / 0.94
00098             0.05 / 0.95
00099             0.07 / 0.93
00100             0.08 / 0.92
00101             0.07 / 0.93
00102             0.07 / 0.93
00103 1           0.11 / 0.89
00104             0.05 / 0.95
00105             0.06 / 0.94
00106             0.08 / 0.92
00107             0.06 / 0.94
00108 1           0.13 / 0.87
00109             0.05 / 0.95
00110             0.08 / 0.92
00111             0.06 / 0.94
00112             0.06 / 0.94
00113             0.1 / 0.9
00114             0.08 / 0.92
00115             0.07 / 0.93
00116             0.06 / 0.94
00117             0.04 / 0.96
00118             0.1 / 0.9
00119 1           0.13 / 0.87
00120             0.06 / 0.94
00121             0.07 / 0.93
00122             0.08 / 0.92
00123             0.08 / 0.92
00124             0.06 / 0.94
00125             0.06 / 0.94
00126 1234567     0.71 / 0.29
00127             0.07 / 0.93
00128             0.04 / 0.96
00129             0.04 / 0.96
00130             0.06 / 0.94
00131             0.04 / 0.96
00132             0.03 / 0.97
00133             0.05 / 0.95
00134             0.05 / 0.95
00135             0.07 / 0.93
00136             0.06 / 0.94
00137 1           0.13 / 0.87
00138 1           0.17 / 0.83
00139             0.06 / 0.94
00140 12          0.23 / 0.77
00141             0.06 / 0.94
00142             0.05 / 0.95
00143             0.08 / 0.92
00144             0.07 / 0.93
00145             0.07 / 0.93
00146             0.08 / 0.92
00147             0.07 / 0.93
00148             0.08 / 0.92
00149             0.05 / 0.95
00150             0.05 / 0.95
00151             0.06 / 0.94
00152             0.07 / 0.93
00153             0.06 / 0.94
00154             0.06 / 0.94
00155             0.04 / 0.96
00156             0.09 / 0.91
00157             0.06 / 0.94
00158             0.07 / 0.93
00159             0.04 / 0.96
00160             0.06 / 0.94
00161             0.08 / 0.92
00162             0.06 / 0.94
00163             0.07 / 0.93
00164             0.08 / 0.92
00165             0.06 / 0.94
00166             0.09 / 0.91
00167 12          0.25 / 0.75
00168 12          0.26 / 0.74
00169             0.06 / 0.94
00170             0.06 / 0.94
00171             0.06 / 0.94
00172 12          0.25 / 0.75
00173             0.06 / 0.94
00174 12345678    0.9 / 0.1
00175             0.05 / 0.95
00176             0.06 / 0.94
00177             0.09 / 0.91
00178             0.07 / 0.93
00179             0.07 / 0.93
00180             0.05 / 0.95
00181             0.06 / 0.94
00182             0.1 / 0.9
00183             0.06 / 0.94
00184             0.06 / 0.94
00185             0.06 / 0.94
00186             0.07 / 0.93
00187             0.1 / 0.9
00188             0.08 / 0.92
00189             0.06 / 0.94
00190             0.06 / 0.94
00191             0.06 / 0.94
00192             0.06 / 0.94
00193             0.06 / 0.94
00194             0.05 / 0.95
00195 1           0.1 / 0.9
00196             0.06 / 0.94
00197             0.09 / 0.91
00198             0.05 / 0.95
00199             0.06 / 0.94
00200             0.06 / 0.94
00201             0.06 / 0.94
00202             0.05 / 0.95
00203             0.06 / 0.94
00204             0.06 / 0.94
00205             0.06 / 0.94
00206             0.06 / 0.94
00207 12          0.29 / 0.71
00208             0.04 / 0.96
00209             0.07 / 0.93
00210             0.08 / 0.92
00211 1           0.14 / 0.86
00212             0.07 / 0.93
00213 12          0.26 / 0.74
00214             0.06 / 0.94
00215             0.06 / 0.94
00216 1           0.19 / 0.81
00217             0.07 / 0.93
00218             0.05 / 0.95
00219             0.08 / 0.92
00220             0.05 / 0.95
00221 1           0.11 / 0.89
00222             0.06 / 0.94
00223             0.06 / 0.94
00224             0.06 / 0.94
00225             0.05 / 0.95
00226             0.08 / 0.92
00227             0.04 / 0.96
00228             0.07 / 0.93
00229             0.09 / 0.91
00230             0.06 / 0.94
00231             0.06 / 0.94
00232             0.06 / 0.94
00233 1           0.13 / 0.87
00234             0.07 / 0.93
00235             0.06 / 0.94
00236             0.08 / 0.92
00237             0.09 / 0.91
00238             0.06 / 0.94
00239             0.1 / 0.9
00240             0.1 / 0.9
00241             0.06 / 0.94
00242             0.06 / 0.94
00243             0.05 / 0.95
00244             0.07 / 0.93
00245             0.05 / 0.95
00246             0.08 / 0.92
00247             0.04 / 0.96
00248 1           0.14 / 0.86
00249             0.07 / 0.93
00250             0.05 / 0.95
00251             0.05 / 0.95
00252             0.03 / 0.97
00253 12          0.25 / 0.75
00254             0.08 / 0.92
00255             0.05 / 0.95
00256             0.04 / 0.96
00257             0.08 / 0.92
00258             0.07 / 0.93
00259             0.07 / 0.93
00260             0.04 / 0.96
00261             0.07 / 0.93
00262             0.05 / 0.95
00263             0.08 / 0.92
00264             0.09 / 0.91
00265             0.05 / 0.95
00266 1           0.1 / 0.9
00267             0.06 / 0.94
00268             0.09 / 0.91
00269             0.07 / 0.93
00270             0.06 / 0.94
00271             0.07 / 0.93
00272             0.04 / 0.96
00273             0.05 / 0.95
00274             0.08 / 0.92
00275             0.09 / 0.91
00276             0.1 / 0.9
00277 1           0.13 / 0.87
00278             0.06 / 0.94
00279             0.06 / 0.94
00280             0.04 / 0.96
00281             0.07 / 0.93
00282             0.1 / 0.9
00283 1           0.1 / 0.9
00284             0.1 / 0.9
00285             0.06 / 0.94
00286 1           0.12 / 0.88
00287             0.05 / 0.95
00288             0.07 / 0.93
00289             0.07 / 0.93
00290             0.05 / 0.95
00291             0.06 / 0.94
00292             0.06 / 0.94
00293 123456789   0.92 / 0.08
00294             0.05 / 0.95
00295             0.05 / 0.95
00296             0.08 / 0.92
00297             0.08 / 0.92
00298             0.06 / 0.94
00299             0.08 / 0.92
00300             0.07 / 0.93
00301             0.06 / 0.94
00302             0.06 / 0.94
00303             0.05 / 0.95
00304             0.06 / 0.94
00305             0.06 / 0.94
00306             0.06 / 0.94
00307             0.09 / 0.91
00308             0.05 / 0.95
00309             0.06 / 0.94
00310             0.07 / 0.93
00311 12345       0.52 / 0.48
00312             0.08 / 0.92
00313             0.04 / 0.96
00314             0.05 / 0.95
00315             0.04 / 0.96
00316             0.08 / 0.92
00317 123456789   0.92 / 0.08
00318             0.07 / 0.93
00319             0.06 / 0.94
00320             0.06 / 0.94
00321             0.06 / 0.94
00322             0.06 / 0.94
00323             0.06 / 0.94
00324             0.08 / 0.92
00325             0.05 / 0.95
00326             0.06 / 0.94
00327             0.07 / 0.93
00328 1234        0.48 / 0.52
00329             0.04 / 0.96
00330             0.05 / 0.95
00331             0.05 / 0.95
00332             0.05 / 0.95
00333             0.05 / 0.95
00334             0.06 / 0.94
00335             0.04 / 0.96
00336             0.05 / 0.95
00337             0.06 / 0.94
00338             0.06 / 0.94
00339             0.04 / 0.96
00340             0.08 / 0.92
00341             0.04 / 0.96
00342             0.09 / 0.91
00343             0.06 / 0.94
00344             0.05 / 0.95
00345             0.06 / 0.94
00346             0.06 / 0.94
00347 1           0.13 / 0.87
00348             0.06 / 0.94
00349             0.05 / 0.95
00350             0.07 / 0.93
00351             0.05 / 0.95
00352             0.07 / 0.93
00353             0.06 / 0.94
00354             0.05 / 0.95
00355             0.07 / 0.93
00356             0.06 / 0.94
00357             0.06 / 0.94
00358             0.08 / 0.92
00359             0.06 / 0.94

-----------------------------------

../../_exports/20190422-26-Harmaakallio/5CBE1D41.WAV

00000             0.1 / 0.9
00001             0.07 / 0.93
00002             0.06 / 0.94
00003             0.08 / 0.92
00004             0.08 / 0.92
00005             0.07 / 0.93
00006             0.07 / 0.93
00007             0.07 / 0.93
00008             0.08 / 0.92
00009             0.07 / 0.93
00010             0.08 / 0.92
00011             0.06 / 0.94
00012 1           0.15 / 0.85
00013             0.04 / 0.96
00014             0.09 / 0.91
00015             0.07 / 0.93
00016 1           0.14 / 0.86
00017             0.07 / 0.93
00018             0.07 / 0.93
00019 1           0.11 / 0.89
00020             0.05 / 0.95
00021             0.07 / 0.93
00022 1           0.1 / 0.9
00023 123         0.35 / 0.65
00024             0.06 / 0.94
00025             0.04 / 0.96
00026             0.06 / 0.94
00027             0.07 / 0.93
00028 12          0.25 / 0.75
00029             0.06 / 0.94
00030             0.06 / 0.94
00031             0.09 / 0.91
00032             0.08 / 0.92
00033 1234        0.43 / 0.57
00034             0.07 / 0.93
00035             0.09 / 0.91
00036             0.07 / 0.93
00037             0.07 / 0.93
00038 12          0.21 / 0.79
00039 1           0.11 / 0.89
00040             0.04 / 0.96
00041             0.05 / 0.95
00042             0.08 / 0.92
00043 12          0.21 / 0.79
00044             0.08 / 0.92
00045             0.08 / 0.92
00046             0.07 / 0.93
00047             0.1 / 0.9
00048 12          0.21 / 0.79
00049             0.1 / 0.9
00050             0.07 / 0.93
00051             0.07 / 0.93
00052             0.08 / 0.92
00053             0.08 / 0.92
00054 1           0.12 / 0.88
00055             0.04 / 0.96
00056             0.06 / 0.94
00057 1           0.16 / 0.84
00058 1           0.11 / 0.89
00059 1           0.13 / 0.87
00060             0.05 / 0.95
00061             0.08 / 0.92
00062 1           0.19 / 0.81
00063             0.1 / 0.9
00064             0.06 / 0.94
00065 12          0.29 / 0.71
00066 12          0.29 / 0.71
00067             0.09 / 0.91
00068 1           0.11 / 0.89
00069             0.07 / 0.93
00070 1           0.19 / 0.81
00071 1           0.1 / 0.9
00072             0.06 / 0.94
00073 12          0.23 / 0.77
00074             0.04 / 0.96
00075             0.05 / 0.95
00076 12          0.22 / 0.78
00077             0.07 / 0.93
00078             0.09 / 0.91
00079 1           0.14 / 0.86
00080             0.07 / 0.93
00081             0.07 / 0.93
00082             0.07 / 0.93
00083             0.03 / 0.97
00084             0.08 / 0.92
00085             0.05 / 0.95
00086             0.06 / 0.94
00087             0.06 / 0.94
00088             0.05 / 0.95
00089             0.08 / 0.92
00090             0.06 / 0.94
00091             0.07 / 0.93
00092             0.1 / 0.9
00093             0.08 / 0.92
00094             0.06 / 0.94
00095             0.07 / 0.93
00096             0.07 / 0.93
00097             0.06 / 0.94
00098             0.06 / 0.94
00099             0.04 / 0.96
00100             0.04 / 0.96
00101 1           0.12 / 0.88
00102             0.08 / 0.92
00103 1           0.13 / 0.87
00104 12          0.23 / 0.77
00105 1           0.19 / 0.81
00106             0.08 / 0.92
00107             0.06 / 0.94
00108             0.06 / 0.94
00109             0.07 / 0.93
00110 1           0.12 / 0.88
00111 1           0.12 / 0.88
00112 1           0.11 / 0.89
00113             0.06 / 0.94
00114             0.04 / 0.96
00115             0.07 / 0.93
00116             0.08 / 0.92
00117             0.06 / 0.94
00118             0.07 / 0.93
00119             0.08 / 0.92
00120 1           0.13 / 0.87
00121             0.05 / 0.95
00122             0.08 / 0.92
00123 1           0.17 / 0.83
00124             0.05 / 0.95
00125 1           0.15 / 0.85
00126             0.06 / 0.94
00127             0.06 / 0.94
00128             0.08 / 0.92
00129             0.06 / 0.94
00130             0.07 / 0.93
00131 1           0.17 / 0.83
00132             0.1 / 0.9
00133             0.05 / 0.95
00134             0.07 / 0.93
00135             0.1 / 0.9
00136             0.07 / 0.93
00137             0.05 / 0.95
00138             0.07 / 0.93
00139 1           0.15 / 0.85
00140 1           0.12 / 0.88
00141             0.07 / 0.93
00142             0.05 / 0.95
00143             0.06 / 0.94
00144 1           0.16 / 0.84
00145             0.06 / 0.94
00146             0.06 / 0.94
00147             0.05 / 0.95
00148             0.06 / 0.94
00149             0.08 / 0.92
00150             0.08 / 0.92
00151             0.05 / 0.95
00152             0.05 / 0.95
00153 1           0.11 / 0.89
00154 12          0.21 / 0.79
00155             0.06 / 0.94
00156             0.06 / 0.94
00157             0.08 / 0.92
00158 1           0.1 / 0.9
00159             0.07 / 0.93
00160 1           0.12 / 0.88
00161             0.06 / 0.94
00162             0.09 / 0.91
00163 1           0.14 / 0.86
00164             0.08 / 0.92
00165             0.06 / 0.94
00166 1           0.13 / 0.87
00167 1           0.11 / 0.89
00168             0.08 / 0.92
00169             0.04 / 0.96
00170             0.06 / 0.94
00171 12          0.29 / 0.71
00172             0.05 / 0.95
00173 1           0.17 / 0.83
00174 1           0.11 / 0.89
00175             0.06 / 0.94
00176             0.05 / 0.95
00177 1234567     0.74 / 0.26
00178             0.04 / 0.96
00179             0.08 / 0.92
00180             0.06 / 0.94
00181             0.06 / 0.94
00182 1           0.13 / 0.87
00183             0.06 / 0.94
00184             0.09 / 0.91
00185             0.1 / 0.9
00186 123         0.37 / 0.63
00187             0.05 / 0.95
00188             0.06 / 0.94
00189             0.06 / 0.94
00190             0.09 / 0.91
00191 1234567     0.71 / 0.29
00192             0.1 / 0.9
00193 1           0.17 / 0.83
00194 12          0.29 / 0.71
00195 1           0.13 / 0.87
00196 1           0.12 / 0.88
00197             0.08 / 0.92
00198 1           0.16 / 0.84
00199 1           0.15 / 0.85
00200 1           0.11 / 0.89
00201 1           0.11 / 0.89
00202             0.06 / 0.94
00203 1           0.12 / 0.88
00204             0.1 / 0.9
00205 123         0.31 / 0.69
00206             0.08 / 0.92
00207             0.07 / 0.93
00208             0.06 / 0.94
00209 1           0.11 / 0.89
00210 1           0.1 / 0.9
00211             0.07 / 0.93
00212 1           0.15 / 0.85
00213 12          0.22 / 0.78
00214 1234        0.43 / 0.57
00215 1           0.11 / 0.89
00216             0.07 / 0.93
00217 1           0.14 / 0.86
00218             0.07 / 0.93
00219 1           0.11 / 0.89
00220             0.05 / 0.95
00221             0.05 / 0.95
00222             0.1 / 0.9
00223             0.06 / 0.94
00224             0.06 / 0.94
00225             0.04 / 0.96
00226             0.08 / 0.92
00227             0.1 / 0.9
00228             0.09 / 0.91
00229             0.07 / 0.93
00230             0.05 / 0.95
00231             0.05 / 0.95
00232             0.05 / 0.95
00233 1           0.12 / 0.88
00234 1           0.13 / 0.87
00235             0.04 / 0.96
00236             0.07 / 0.93
00237 1           0.13 / 0.87
00238             0.08 / 0.92
00239             0.05 / 0.95
00240             0.04 / 0.96
00241 1234567     0.78 / 0.22
00242             0.06 / 0.94
00243             0.06 / 0.94
00244             0.05 / 0.95
00245             0.07 / 0.93
00246             0.05 / 0.95
00247             0.07 / 0.93
00248             0.06 / 0.94
00249             0.05 / 0.95
00250 12          0.27 / 0.73
00251             0.09 / 0.91
00252             0.06 / 0.94
00253 1           0.12 / 0.88
00254             0.07 / 0.93
00255             0.08 / 0.92
00256             0.08 / 0.92
00257             0.06 / 0.94
00258             0.05 / 0.95
00259             0.05 / 0.95
00260             0.05 / 0.95
00261             0.06 / 0.94
00262 1           0.16 / 0.84
00263 12          0.25 / 0.75
00264             0.09 / 0.91
00265             0.06 / 0.94
00266             0.06 / 0.94
00267             0.07 / 0.93
00268             0.06 / 0.94
00269 123456789   0.92 / 0.08
00270             0.05 / 0.95
00271 12          0.27 / 0.73
00272             0.04 / 0.96
00273             0.07 / 0.93
00274             0.06 / 0.94
00275             0.1 / 0.9
00276             0.07 / 0.93
00277             0.06 / 0.94
00278             0.06 / 0.94
00279             0.04 / 0.96
00280 1           0.13 / 0.87
00281             0.1 / 0.9
00282             0.04 / 0.96
00283             0.06 / 0.94
00284             0.04 / 0.96
00285             0.07 / 0.93
00286 1           0.1 / 0.9
00287             0.08 / 0.92
00288             0.06 / 0.94
00289             0.07 / 0.93
00290             0.07 / 0.93
00291 1           0.19 / 0.81
00292             0.08 / 0.92
00293             0.05 / 0.95
00294             0.06 / 0.94
00295             0.05 / 0.95
00296             0.05 / 0.95
00297             0.06 / 0.94
00298 12          0.27 / 0.73
00299             0.04 / 0.96
00300             0.06 / 0.94
00301 1           0.11 / 0.89
00302 1           0.13 / 0.87
00303             0.06 / 0.94
00304             0.06 / 0.94
00305             0.07 / 0.93
00306 1           0.18 / 0.82
00307             0.08 / 0.92
00308             0.04 / 0.96
00309             0.08 / 0.92
00310             0.04 / 0.96
00311             0.08 / 0.92
00312             0.06 / 0.94
00313 12          0.22 / 0.78
00314 1           0.1 / 0.9
00315 12          0.27 / 0.73
00316 1           0.14 / 0.86
00317 1           0.1 / 0.9
00318             0.07 / 0.93
00319 1           0.1 / 0.9
00320             0.09 / 0.91
00321             0.08 / 0.92
00322 1           0.15 / 0.85
00323             0.06 / 0.94
00324             0.05 / 0.95
00325             0.04 / 0.96
00326             0.05 / 0.95
00327             0.05 / 0.95
00328 1           0.16 / 0.84
00329             0.08 / 0.92
00330 1           0.13 / 0.87
00331 1           0.13 / 0.87
00332 1           0.11 / 0.89
00333             0.08 / 0.92
00334 1           0.13 / 0.87
00335             0.06 / 0.94
00336             0.06 / 0.94
00337 1           0.12 / 0.88
00338             0.08 / 0.92
00339             0.06 / 0.94
00340             0.06 / 0.94
00341             0.06 / 0.94
00342             0.03 / 0.97
00343 12          0.23 / 0.77
00344             0.07 / 0.93
00345 123         0.31 / 0.69
00346             0.07 / 0.93
00347 12          0.22 / 0.78
00348             0.06 / 0.94
00349             0.06 / 0.94
00350 1           0.17 / 0.83
00351             0.1 / 0.9
00352             0.08 / 0.92
00353             0.05 / 0.95
00354             0.07 / 0.93
00355             0.06 / 0.94
00356             0.06 / 0.94
00357             0.06 / 0.94
00358 123456      0.66 / 0.34
00359 1           0.13 / 0.87

