../../_exports/20190505-11-Nötkärrinkallio-N/5CCF6AF4.WAV

00000             0.07 / 0.93
00001 1           0.11 / 0.89
00002             0.09 / 0.91
00003             0.06 / 0.94
00004 12          0.21 / 0.79
00005             0.07 / 0.93
00006             0.08 / 0.92
00007             0.07 / 0.93
00008 1           0.15 / 0.85
00009 12345678    0.8 / 0.2
00010 1           0.15 / 0.85
00011 1           0.11 / 0.89
00012 1           0.1 / 0.9
00013 1           0.14 / 0.86
00014 1           0.13 / 0.87
00015             0.08 / 0.92
00016             0.07 / 0.93
00017             0.1 / 0.9
00018             0.08 / 0.92
00019 1           0.14 / 0.86
00020 1           0.14 / 0.86
00021             0.09 / 0.91
00022 1           0.14 / 0.86
00023 1           0.12 / 0.88
00024 1           0.12 / 0.88
00025 1           0.11 / 0.89
00026 1           0.11 / 0.89
00027 1           0.15 / 0.85
00028 1           0.16 / 0.84
00029 12          0.21 / 0.79
00030 1           0.17 / 0.83
00031 1           0.1 / 0.9
00032 1           0.11 / 0.89
00033 1           0.11 / 0.89
00034 1           0.11 / 0.89
00035 1           0.1 / 0.9
00036 1           0.13 / 0.87
00037 1           0.16 / 0.84
00038             0.09 / 0.91
00039 1           0.1 / 0.9
00040 1           0.13 / 0.87
00041 1           0.14 / 0.86
00042             0.1 / 0.9
00043 1           0.1 / 0.9
00044 1           0.11 / 0.89
00045 1           0.14 / 0.86
00046 123         0.35 / 0.65
00047             0.1 / 0.9
00048 1           0.15 / 0.85
00049             0.09 / 0.91
00050 1           0.15 / 0.85
00051             0.1 / 0.9
00052 1           0.12 / 0.88
00053 12          0.23 / 0.77
00054             0.09 / 0.91
00055 1234        0.47 / 0.53
00056 1           0.15 / 0.85
00057             0.07 / 0.93
00058             0.05 / 0.95
00059             0.06 / 0.94
00060             0.08 / 0.92
00061             0.08 / 0.92
00062             0.09 / 0.91
00063 1           0.11 / 0.89
00064             0.09 / 0.91
00065 1           0.1 / 0.9
00066 1           0.13 / 0.87
00067 1           0.1 / 0.9
00068 1           0.11 / 0.89
00069 1           0.15 / 0.85
00070 1           0.14 / 0.86
00071 1           0.14 / 0.86
00072 1           0.11 / 0.89
00073 1           0.13 / 0.87
00074             0.1 / 0.9
00075 1           0.12 / 0.88
00076 1           0.1 / 0.9
00077             0.09 / 0.91
00078 1           0.15 / 0.85
00079             0.1 / 0.9
00080 123456      0.62 / 0.38
00081 123456789   0.96 / 0.04
00082 123456789   0.94 / 0.06
00083 123456789   0.96 / 0.04
00084 123456789   0.94 / 0.06
00085 123456789   0.95 / 0.05
00086 123         0.3 / 0.7
00087 123456789   0.98 / 0.02
00088 1           0.11 / 0.89
00089 1           0.1 / 0.9
00090 1           0.14 / 0.86
00091             0.1 / 0.9
00092 1           0.11 / 0.89
00093             0.09 / 0.91
00094 1           0.11 / 0.89
00095 1           0.15 / 0.85
00096 1           0.15 / 0.85
00097 1           0.15 / 0.85
00098 1           0.2 / 0.8
00099             0.09 / 0.91
00100 1           0.13 / 0.87
00101             0.08 / 0.92
00102             0.09 / 0.91
00103 1           0.1 / 0.9
00104 1           0.11 / 0.89
00105             0.07 / 0.93
00106 1           0.11 / 0.89
00107 1           0.13 / 0.87
00108 1           0.17 / 0.83
00109             0.09 / 0.91
00110 1           0.12 / 0.88
00111             0.08 / 0.92
00112             0.08 / 0.92
00113 1           0.19 / 0.81
00114             0.08 / 0.92
00115             0.07 / 0.93
00116             0.04 / 0.96
00117             0.09 / 0.91
00118 1           0.11 / 0.89
00119 1           0.11 / 0.89
00120 1           0.13 / 0.87
00121             0.08 / 0.92
00122 1           0.15 / 0.85
00123             0.09 / 0.91
00124 1           0.18 / 0.82
00125 1           0.1 / 0.9
00126 123456789   0.96 / 0.04
00127 1           0.17 / 0.83
00128 1           0.1 / 0.9
00129 1           0.15 / 0.85
00130 1           0.13 / 0.87
00131 1           0.16 / 0.84
00132 1           0.16 / 0.84
00133 1           0.19 / 0.81
00134             0.09 / 0.91
00135 1           0.11 / 0.89
00136 1           0.14 / 0.86
00137 1           0.18 / 0.82
00138 1           0.14 / 0.86
00139 1           0.19 / 0.81
00140 12          0.26 / 0.74
00141 1           0.18 / 0.82
00142             0.1 / 0.9
00143 1           0.11 / 0.89
00144 1           0.11 / 0.89
00145 1           0.14 / 0.86
00146             0.1 / 0.9
00147 1           0.19 / 0.81
00148 1           0.11 / 0.89
00149 1           0.13 / 0.87
00150 1           0.19 / 0.81
00151 1           0.12 / 0.88
00152 1           0.14 / 0.86
00153 1           0.19 / 0.81
00154             0.1 / 0.9
00155             0.1 / 0.9
00156 1           0.17 / 0.83
00157 1           0.11 / 0.89
00158 1           0.1 / 0.9
00159 12          0.28 / 0.72
00160             0.1 / 0.9
00161 1           0.11 / 0.89
00162 1           0.16 / 0.84
00163 1           0.14 / 0.86
00164 1           0.1 / 0.9
00165 12          0.22 / 0.78
00166 1           0.14 / 0.86
00167 1           0.18 / 0.82
00168 12          0.23 / 0.77
00169 12          0.21 / 0.79
00170 1           0.2 / 0.8
00171 1           0.11 / 0.89
00172 1           0.18 / 0.82
00173 1           0.14 / 0.86
00174 1234567     0.77 / 0.23
00175 1           0.11 / 0.89
00176 1           0.18 / 0.82
00177 1           0.14 / 0.86
00178 1           0.16 / 0.84
00179 1           0.17 / 0.83
00180 1           0.11 / 0.89
00181 1           0.12 / 0.88
00182 12          0.26 / 0.74
00183 1           0.1 / 0.9
00184 1           0.14 / 0.86
00185 1           0.11 / 0.89
00186 1           0.11 / 0.89
00187 1           0.1 / 0.9
00188 1           0.13 / 0.87
00189 1           0.17 / 0.83
00190 1           0.15 / 0.85
00191 1           0.12 / 0.88
00192 1           0.16 / 0.84
00193 1           0.11 / 0.89
00194             0.1 / 0.9
00195 123         0.35 / 0.65
00196 123         0.33 / 0.67
00197 1           0.11 / 0.89
00198 1           0.14 / 0.86
00199 1           0.1 / 0.9
00200 1           0.11 / 0.89
00201 1           0.11 / 0.89
00202 1           0.15 / 0.85
00203 1           0.19 / 0.81
00204 1           0.11 / 0.89
00205 1           0.2 / 0.8
00206 1           0.12 / 0.88
00207 123         0.3 / 0.7
00208             0.09 / 0.91
00209 1           0.11 / 0.89
00210 1           0.13 / 0.87
00211 12          0.28 / 0.72
00212 1           0.16 / 0.84
00213 12          0.21 / 0.79
00214             0.09 / 0.91
00215 1           0.11 / 0.89
00216 1           0.17 / 0.83
00217 12          0.24 / 0.76
00218 1           0.15 / 0.85
00219 1           0.14 / 0.86
00220 1           0.1 / 0.9
00221 1           0.1 / 0.9
00222 1           0.13 / 0.87
00223 1           0.11 / 0.89
00224 12          0.23 / 0.77
00225             0.1 / 0.9
00226             0.08 / 0.92
00227             0.07 / 0.93
00228             0.08 / 0.92
00229 1           0.17 / 0.83
00230 1           0.1 / 0.9
00231 1           0.2 / 0.8
00232             0.06 / 0.94
00233             0.1 / 0.9
00234 1           0.14 / 0.86
00235 1           0.1 / 0.9
00236 1           0.13 / 0.87
00237             0.09 / 0.91
00238             0.08 / 0.92
00239 1           0.13 / 0.87
00240 1           0.12 / 0.88
00241 1           0.11 / 0.89
00242 1           0.12 / 0.88
00243 1           0.13 / 0.87
00244 1           0.15 / 0.85
00245 1           0.12 / 0.88
00246 1           0.1 / 0.9
00247 1           0.1 / 0.9
00248 12          0.22 / 0.78
00249             0.1 / 0.9
00250 1           0.12 / 0.88
00251             0.1 / 0.9
00252 1           0.11 / 0.89
00253 12          0.22 / 0.78
00254 12          0.29 / 0.71
00255 1           0.11 / 0.89
00256 1           0.18 / 0.82
00257 12          0.23 / 0.77
00258             0.09 / 0.91
00259 12          0.22 / 0.78
00260 1           0.14 / 0.86
00261             0.09 / 0.91
00262 1           0.1 / 0.9
00263 12          0.22 / 0.78
00264 1           0.17 / 0.83
00265 1           0.14 / 0.86
00266 1           0.14 / 0.86
00267 12345       0.52 / 0.48
00268 12          0.22 / 0.78
00269 1           0.15 / 0.85
00270 1           0.2 / 0.8
00271 1           0.19 / 0.81
00272 1           0.18 / 0.82
00273 1           0.14 / 0.86
00274 1           0.11 / 0.89
00275 1           0.16 / 0.84
00276 1           0.16 / 0.84
00277 1           0.2 / 0.8
00278 1           0.14 / 0.86
00279 123         0.32 / 0.68
00280 1           0.12 / 0.88
00281 1           0.14 / 0.86
00282             0.09 / 0.91
00283 1           0.11 / 0.89
00284 1           0.11 / 0.89
00285 1           0.11 / 0.89
00286 1           0.16 / 0.84
00287 12          0.23 / 0.77
00288 12          0.22 / 0.78
00289 1           0.11 / 0.89
00290 1           0.1 / 0.9
00291             0.1 / 0.9
00292 1           0.16 / 0.84
00293 12          0.28 / 0.72
00294             0.1 / 0.9
00295 1           0.11 / 0.89
00296 12          0.26 / 0.74
00297 1           0.14 / 0.86
00298 12345       0.58 / 0.42
00299 1           0.14 / 0.86
00300 1           0.13 / 0.87
00301 1           0.2 / 0.8
00302 1           0.11 / 0.89
00303 1           0.11 / 0.89
00304 1           0.14 / 0.86
00305 1           0.14 / 0.86
00306 12          0.24 / 0.76
00307 1           0.2 / 0.8
00308             0.1 / 0.9
00309 1           0.14 / 0.86
00310 123         0.39 / 0.61
00311 12          0.24 / 0.76
00312 1           0.14 / 0.86
00313 1           0.11 / 0.89
00314 1           0.14 / 0.86
00315 1           0.13 / 0.87
00316 1           0.1 / 0.9
00317 123456789   0.95 / 0.05
00318 1           0.19 / 0.81
00319 1           0.11 / 0.89
00320 1           0.11 / 0.89
00321 1           0.11 / 0.89
00322 1           0.16 / 0.84
00323 1           0.19 / 0.81
00324 1           0.11 / 0.89
00325 1           0.14 / 0.86
00326 1           0.19 / 0.81
00327 1           0.15 / 0.85
00328 123456      0.64 / 0.36
00329 1           0.14 / 0.86
00330 1           0.16 / 0.84
00331 1           0.1 / 0.9
00332             0.08 / 0.92
00333 1           0.1 / 0.9
00334             0.09 / 0.91
00335 1           0.11 / 0.89
00336             0.08 / 0.92
00337 12          0.24 / 0.76
00338             0.09 / 0.91
00339             0.1 / 0.9
00340 1           0.12 / 0.88
00341 1           0.11 / 0.89
00342 1           0.16 / 0.84
00343 1           0.1 / 0.9
00344 1           0.11 / 0.89
00345 12          0.22 / 0.78
00346 1           0.14 / 0.86
00347 1           0.11 / 0.89
00348 1           0.15 / 0.85
00349             0.1 / 0.9
00350 1           0.13 / 0.87
00351             0.08 / 0.92
00352 1           0.14 / 0.86
00353             0.09 / 0.91
00354             0.1 / 0.9
00355 1           0.11 / 0.89
00356 1           0.14 / 0.86
00357 1           0.12 / 0.88
00358 1           0.2 / 0.8
00359 1           0.15 / 0.85

-------------------------------------

../../_exports/20190422-26-Harmaakallio/5CBE1D41.WAV

00000 1           0.11 / 0.89
00001             0.08 / 0.92
00002             0.08 / 0.92
00003             0.07 / 0.93
00004             0.07 / 0.93
00005             0.07 / 0.93
00006             0.08 / 0.92
00007             0.07 / 0.93
00008             0.08 / 0.92
00009             0.07 / 0.93
00010             0.08 / 0.92
00011             0.07 / 0.93
00012             0.08 / 0.92
00013 1           0.1 / 0.9
00014 1           0.12 / 0.88
00015             0.07 / 0.93
00016             0.07 / 0.93
00017             0.07 / 0.93
00018             0.09 / 0.91
00019             0.06 / 0.94
00020             0.06 / 0.94
00021             0.07 / 0.93
00022             0.05 / 0.95
00023             0.03 / 0.97
00024             0.07 / 0.93
00025             0.06 / 0.94
00026             0.09 / 0.91
00027             0.06 / 0.94
00028 1           0.15 / 0.85
00029 1           0.11 / 0.89
00030             0.1 / 0.9
00031 1           0.1 / 0.9
00032 12345678    0.8 / 0.2
00033             0.1 / 0.9
00034             0.06 / 0.94
00035             0.1 / 0.9
00036             0.07 / 0.93
00037             0.09 / 0.91
00038 1           0.14 / 0.86
00039 1           0.13 / 0.87
00040             0.07 / 0.93
00041 1           0.17 / 0.83
00042 1           0.1 / 0.9
00043 1           0.14 / 0.86
00044 12          0.23 / 0.77
00045             0.07 / 0.93
00046             0.08 / 0.92
00047             0.09 / 0.91
00048             0.09 / 0.91
00049             0.09 / 0.91
00050             0.08 / 0.92
00051             0.07 / 0.93
00052             0.06 / 0.94
00053             0.07 / 0.93
00054             0.08 / 0.92
00055             0.06 / 0.94
00056             0.07 / 0.93
00057             0.08 / 0.92
00058 1           0.1 / 0.9
00059             0.09 / 0.91
00060             0.06 / 0.94
00061             0.04 / 0.96
00062             0.08 / 0.92
00063 1           0.12 / 0.88
00064             0.08 / 0.92
00065 12345678    0.88 / 0.12
00066 1           0.1 / 0.9
00067 1           0.12 / 0.88
00068 1           0.1 / 0.9
00069             0.09 / 0.91
00070             0.06 / 0.94
00071             0.07 / 0.93
00072 1           0.11 / 0.89
00073             0.04 / 0.96
00074             0.07 / 0.93
00075             0.07 / 0.93
00076 1           0.12 / 0.88
00077             0.06 / 0.94
00078             0.08 / 0.92
00079             0.08 / 0.92
00080             0.09 / 0.91
00081             0.07 / 0.93
00082             0.08 / 0.92
00083             0.08 / 0.92
00084             0.06 / 0.94
00085             0.08 / 0.92
00086             0.1 / 0.9
00087             0.08 / 0.92
00088             0.06 / 0.94
00089             0.06 / 0.94
00090             0.08 / 0.92
00091             0.08 / 0.92
00092             0.06 / 0.94
00093             0.08 / 0.92
00094             0.09 / 0.91
00095             0.08 / 0.92
00096             0.07 / 0.93
00097             0.08 / 0.92
00098 1           0.13 / 0.87
00099             0.08 / 0.92
00100 1           0.11 / 0.89
00101             0.07 / 0.93
00102             0.1 / 0.9
00103             0.1 / 0.9
00104 1           0.1 / 0.9
00105 1           0.1 / 0.9
00106             0.08 / 0.92
00107             0.07 / 0.93
00108             0.08 / 0.92
00109             0.08 / 0.92
00110             0.1 / 0.9
00111 1           0.16 / 0.84
00112 1           0.14 / 0.86
00113             0.06 / 0.94
00114             0.05 / 0.95
00115             0.06 / 0.94
00116             0.07 / 0.93
00117             0.06 / 0.94
00118             0.08 / 0.92
00119             0.09 / 0.91
00120 1           0.15 / 0.85
00121             0.07 / 0.93
00122             0.08 / 0.92
00123 1           0.12 / 0.88
00124             0.08 / 0.92
00125             0.1 / 0.9
00126             0.06 / 0.94
00127             0.07 / 0.93
00128             0.09 / 0.91
00129             0.06 / 0.94
00130             0.08 / 0.92
00131 1           0.11 / 0.89
00132 1           0.14 / 0.86
00133             0.08 / 0.92
00134             0.05 / 0.95
00135             0.08 / 0.92
00136             0.07 / 0.93
00137             0.09 / 0.91
00138             0.1 / 0.9
00139 1           0.11 / 0.89
00140 1           0.11 / 0.89
00141 1           0.14 / 0.86
00142             0.09 / 0.91
00143             0.06 / 0.94
00144             0.07 / 0.93
00145             0.06 / 0.94
00146             0.09 / 0.91
00147             0.06 / 0.94
00148             0.08 / 0.92
00149             0.08 / 0.92
00150             0.08 / 0.92
00151 1           0.11 / 0.89
00152             0.06 / 0.94
00153             0.1 / 0.9
00154             0.09 / 0.91
00155             0.05 / 0.95
00156             0.06 / 0.94
00157             0.07 / 0.93
00158             0.08 / 0.92
00159             0.07 / 0.93
00160 1           0.12 / 0.88
00161             0.09 / 0.91
00162 12          0.23 / 0.77
00163 1           0.1 / 0.9
00164 1           0.1 / 0.9
00165             0.07 / 0.93
00166 1           0.13 / 0.87
00167             0.07 / 0.93
00168 1           0.11 / 0.89
00169             0.09 / 0.91
00170             0.08 / 0.92
00171 1           0.13 / 0.87
00172             0.08 / 0.92
00173             0.08 / 0.92
00174             0.08 / 0.92
00175 1           0.12 / 0.88
00176             0.07 / 0.93
00177 1234        0.42 / 0.58
00178             0.07 / 0.93
00179             0.06 / 0.94
00180             0.1 / 0.9
00181             0.09 / 0.91
00182 1           0.1 / 0.9
00183             0.09 / 0.91
00184 1           0.16 / 0.84
00185             0.09 / 0.91
00186             0.06 / 0.94
00187             0.06 / 0.94
00188             0.08 / 0.92
00189             0.07 / 0.93
00190             0.09 / 0.91
00191 12345678    0.81 / 0.19
00192             0.08 / 0.92
00193             0.1 / 0.9
00194 12          0.24 / 0.76
00195 1           0.14 / 0.86
00196 1           0.14 / 0.86
00197             0.08 / 0.92
00198 1           0.13 / 0.87
00199             0.07 / 0.93
00200 1           0.11 / 0.89
00201 123         0.39 / 0.61
00202             0.09 / 0.91
00203             0.09 / 0.91
00204 1           0.11 / 0.89
00205 1           0.11 / 0.89
00206             0.05 / 0.95
00207 1           0.1 / 0.9
00208             0.08 / 0.92
00209 12          0.21 / 0.79
00210 1           0.16 / 0.84
00211 1           0.11 / 0.89
00212             0.09 / 0.91
00213             0.09 / 0.91
00214 1234        0.41 / 0.59
00215 1           0.1 / 0.9
00216             0.08 / 0.92
00217 1           0.1 / 0.9
00218             0.04 / 0.96
00219 1           0.1 / 0.9
00220             0.09 / 0.91
00221             0.04 / 0.96
00222             0.09 / 0.91
00223 1           0.12 / 0.88
00224 1           0.11 / 0.89
00225             0.05 / 0.95
00226             0.09 / 0.91
00227 1234        0.42 / 0.58
00228             0.1 / 0.9
00229             0.08 / 0.92
00230             0.08 / 0.92
00231             0.07 / 0.93
00232             0.08 / 0.92
00233 1           0.11 / 0.89
00234             0.1 / 0.9
00235             0.07 / 0.93
00236 1           0.13 / 0.87
00237             0.08 / 0.92
00238 1           0.14 / 0.86
00239             0.06 / 0.94
00240 1           0.14 / 0.86
00241 12345       0.52 / 0.48
00242             0.07 / 0.93
00243             0.05 / 0.95
00244             0.08 / 0.92
00245 1           0.1 / 0.9
00246             0.06 / 0.94
00247             0.09 / 0.91
00248             0.09 / 0.91
00249             0.06 / 0.94
00250 123         0.38 / 0.62
00251             0.07 / 0.93
00252             0.08 / 0.92
00253             0.1 / 0.9
00254 1           0.11 / 0.89
00255 1           0.11 / 0.89
00256             0.07 / 0.93
00257             0.08 / 0.92
00258             0.09 / 0.91
00259             0.1 / 0.9
00260             0.08 / 0.92
00261             0.08 / 0.92
00262             0.07 / 0.93
00263 1           0.16 / 0.84
00264 1           0.14 / 0.86
00265             0.07 / 0.93
00266             0.06 / 0.94
00267             0.05 / 0.95
00268             0.09 / 0.91
00269 123456789   0.92 / 0.08
00270             0.06 / 0.94
00271 1234        0.48 / 0.52
00272             0.06 / 0.94
00273             0.08 / 0.92
00274             0.06 / 0.94
00275 1           0.19 / 0.81
00276             0.06 / 0.94
00277             0.09 / 0.91
00278             0.06 / 0.94
00279             0.09 / 0.91
00280             0.06 / 0.94
00281             0.07 / 0.93
00282             0.08 / 0.92
00283             0.06 / 0.94
00284             0.06 / 0.94
00285             0.06 / 0.94
00286             0.1 / 0.9
00287 1           0.14 / 0.86
00288             0.07 / 0.93
00289             0.06 / 0.94
00290             0.06 / 0.94
00291             0.06 / 0.94
00292             0.08 / 0.92
00293             0.08 / 0.92
00294             0.08 / 0.92
00295             0.05 / 0.95
00296             0.07 / 0.93
00297             0.06 / 0.94
00298 1234        0.41 / 0.59
00299 1           0.11 / 0.89
00300             0.09 / 0.91
00301             0.08 / 0.92
00302             0.1 / 0.9
00303             0.07 / 0.93
00304             0.06 / 0.94
00305             0.09 / 0.91
00306 1           0.11 / 0.89
00307 1           0.11 / 0.89
00308             0.06 / 0.94
00309             0.07 / 0.93
00310             0.07 / 0.93
00311             0.06 / 0.94
00312             0.09 / 0.91
00313 1           0.2 / 0.8
00314             0.09 / 0.91
00315 1           0.11 / 0.89
00316 1           0.11 / 0.89
00317 1           0.14 / 0.86
00318 1           0.13 / 0.87
00319 1           0.14 / 0.86
00320             0.09 / 0.91
00321             0.08 / 0.92
00322 12          0.24 / 0.76
00323             0.09 / 0.91
00324             0.06 / 0.94
00325 1           0.12 / 0.88
00326             0.06 / 0.94
00327             0.09 / 0.91
00328 1           0.11 / 0.89
00329             0.08 / 0.92
00330 1           0.12 / 0.88
00331             0.07 / 0.93
00332             0.06 / 0.94
00333             0.07 / 0.93
00334             0.1 / 0.9
00335             0.05 / 0.95
00336             0.09 / 0.91
00337 1           0.16 / 0.84
00338             0.08 / 0.92
00339 1234        0.45 / 0.55
00340             0.09 / 0.91
00341             0.09 / 0.91
00342             0.06 / 0.94
00343 1           0.17 / 0.83
00344             0.08 / 0.92
00345             0.09 / 0.91
00346 1           0.1 / 0.9
00347 1           0.11 / 0.89
00348             0.07 / 0.93
00349             0.09 / 0.91
00350 1           0.1 / 0.9
00351             0.07 / 0.93
00352             0.05 / 0.95
00353             0.08 / 0.92
00354             0.07 / 0.93
00355             0.08 / 0.92
00356 1           0.14 / 0.86
00357             0.08 / 0.92
00358 123456      0.67 / 0.33
00359             0.06 / 0.94
